4.206845083236694
3.021431369781494
2.37584671497345
1.9900536561012268
1.704780673980713
1.5134872245788573
1.3905125117301942
1.2534044647216798
1.1483113503456115
1.0656309986114503
0.9510675323009491
0.9141626226902008
0.8447006249427795
0.8190659403800964
0.730338693857193
0.6979360896348953
0.6419935059547425
0.6036209434270858
0.5741730254888534
0.5412131178379059
0.5358197951316833
0.4864530372619629
0.4410303312540054
0.4288342368602753
0.39408552676439285
0.4047938030958176
0.3595827162265778
0.335619148015976
0.3429156473278999
0.33587891072034837
0.2925769129395485
0.2990748223662376
0.27806742280721664
0.24892450690269471
0.26019201904535294
0.24769650995731354
0.22641857326030732
0.25074677020311353
0.2244421249628067
0.20527180805802345
0.19799107134342195
0.20314617425203324
0.18518328085541724
0.19215909466147424
0.16329301714897157
0.17594293221831322
0.1836618085205555
0.15850039079785347
0.1597946184873581
0.17351546108722687
