0.05375575670954423
0.24972208988407177
0.39391773860568524
0.4757027155788471
0.5458154676830237
0.5971097347943465
0.6234714943623948
0.6578529458472289
0.685723360330316
0.7108940765443862
0.7367000158805781
0.7443226933460378
0.7600444656185485
0.7715578847070034
0.7973638240431952
0.7971256153723996
0.8127679847546451
0.8245196125138955
0.8342861680165158
0.8413530252501191
0.8429410830554233
0.8556455454978561
0.8717643322216929
0.8720819437827537
0.8796252183579483
0.8784341750039701
0.8956646021915198
0.8994759409242497
0.8980466888994759
0.8948705732888678
0.9094013022074003
0.907336827060505
0.9176592027949817
0.920438303954264
0.9182944259171034
0.9235350166746069
0.930125456566619
0.9217087501985072
0.930522471017945
0.9356042559949183
0.9376687311418136
0.9377481340320788
0.9400508178497697
0.9375099253612832
0.9465618548515166
0.9443385739240908
0.9426711132285215
0.9491027473400032
0.9495791646815944
0.945926631729395
